0;24;1
0;2
0;3
0;8;4
0;24;19;5
0;13;6
0;17;7
0;8
0;24;9
0;24;10
0;8;4;11
0;24;19;12
0;13
0;17;7;14
0;2;15
0;24;16
0;17
0;2;15;18
0;24;19
0;13;20
0;2;15;21
0;13;22
0;13;23
0;24
1;17;0
1;24;2
1;17;3
1;23;13;22;4
1;17;16;5
1;6
1;17;7
1;17;0;8
1;17;9
1;24;10
1;17;16;11
1;23;12
1;23;13
1;23;12;14
1;23;15
1;17;16
1;17
1;23;15;18
1;24;19
1;23;12;20
1;6;21
1;23;13;22
1;23
1;24
2;0
2;24;1
2;0;3
2;8;4
2;8;4;5
2;24;19;6
2;9;17;7
2;8
2;9
2;24;10
2;8;4;11
2;9;12
2;0;13
2;9;12;14
2;15
2;24;16
2;9;17
2;15;18
2;24;19
2;9;12;20
2;15;21
2;15;18;22
2;15;23
2;24
3;0
3;17;1
3;9;2
3;0;8;4
3;17;16;5
3;17;6
3;17;7
3;0;8
3;9
3;9;24;10
3;17;16;11
3;9;12
3;0;13
3;17;7;14
3;9;15
3;17;16
3;17
3;9;15;18
3;9;24;19
3;9;12;20
3;17;6;21
3;0;13;22
3;17;1;23
3;9;24
4;8;0
4;11;16;17;1
4;8;2
4;8;0;3
4;5
4;22;13;6
4;22;7
4;8
4;8;2;9
4;22;13;10
4;11
4;5;19;12
4;22;13
4;22;7;14
4;8;2;15
4;11;16
4;11;16;17
4;22;18
4;5;19
4;22;13;20
4;22;13;6;21
4;22
4;22;13;23
4;8;2;24
5;4;8;0
5;16;17;1
5;4;8;2
5;16;17;3
5;4
5;19;6
5;16;7
5;4;8
5;16;17;9
5;19;10
5;4;11
5;19;12
5;16;13
5;16;7;14
5;19;18;15
5;16
5;16;17
5;19;18
5;19
5;16;13;20
5;19;6;21
5;4;22
5;19;12;23
5;16;24
6;13;0
6;1
6;13;0;2
6;17;3
6;13;22;4
6;19;5
6;17;7
6;13;0;8
6;17;9
6;13;10
6;13;16;11
6;19;12
6;13
6;17;7;14
6;21;15
6;13;16
6;17
6;19;18
6;19
6;13;20
6;21
6;13;22
6;1;23
6;1;24
7;17;0
7;17;1
7;17;9;2
7;17;3
7;22;4
7;16;5
7;17;6
7;17;0;8
7;17;9
7;16;13;10
7;16;11
7;14;12
7;16;13
7;14
7;17;9;15
7;16
7;17
7;22;18
7;16;5;19
7;16;13;20
7;17;6;21
7;22
7;17;1;23
7;16;24
8;0
8;2;24;1
8;2
8;0;3
8;4
8;4;5
8;0;13;6
8;4;22;7
8;2;9
8;2;24;10
8;4;11
8;2;9;12
8;0;13
8;2;9;12;14
8;2;15
8;4;11;16
8;0;17
8;2;15;18
8;2;24;19
8;0;13;20
8;2;15;21
8;4;22
8;2;15;23
8;2;24
9;24;0
9;24;1
9;2
9;3
9;2;8;4
9;24;19;5
9;17;6
9;17;7
9;2;8
9;24;10
9;17;16;11
9;12
9;24;19;13
9;12;14
9;15
9;17;16
9;17
9;15;18
9;24;19
9;12;20
9;15;21
9;15;18;22
9;12;23
9;24
10;13;0
10;24;1
10;24;2
10;13;0;3
10;13;22;4
10;19;5
10;13;6
10;13;22;7
10;13;0;8
10;24;9
10;13;16;11
10;19;12
10;13
10;19;12;14
10;21;15
10;13;16
10;13;6;17
10;19;18
10;19
10;13;20
10;21
10;13;22
10;13;23
10;24
11;16;13;0
11;16;17;1
11;16;24;2
11;16;17;3
11;4
11;16;5
11;16;13;6
11;16;7
11;4;8
11;16;17;9
11;16;13;10
11;16;13;20;12
11;16;13
11;16;7;14
11;16;17;9;15
11;16
11;16;17
11;4;22;18
11;16;5;19
11;16;13;20
11;16;13;6;21
11;4;22
11;16;13;23
11;16;24
12;23;13;0
12;23;1
12;9;2
12;9;3
12;19;5;4
12;19;5
12;19;6
12;14;7
12;9;2;8
12;9
12;19;10
12;23;13;16;11
12;23;13
12;14
12;23;15
12;23;13;16
12;9;17
12;19;18
12;19
12;20
12;23;15;21
12;23;13;22
12;23
12;9;24
13;0
13;6;1
13;0;2
13;0;3
13;22;4
13;16;5
13;6
13;22;7
13;0;8
13;6;17;9
13;10
13;16;11
13;20;12
13;20;12;14
13;23;15
13;16
13;6;17
13;22;18
13;19
13;20
13;6;21
13;22
13;23
13;0;24
14;7;17;0
14;7;17;1
14;12;9;2
14;7;17;3
14;7;22;4
14;7;16;5
14;7;17;6
14;7
14;7;17;0;8
14;12;9
14;12;19;10
14;7;16;11
14;12
14;7;16;13
14;12;23;15
14;7;16
14;7;17
14;12;19;18
14;12;19
14;12;20
14;7;17;6;21
14;7;22
14;12;23
14;7;16;24
15;2;0
15;23;1
15;2
15;9;3
15;18;22;4
15;18;19;5
15;21;6
15;18;22;7
15;2;8
15;9
15;21;10
15;18;22;4;11
15;23;12
15;23;13
15;23;12;14
15;23;13;16
15;9;17
15;18
15;18;19
15;23;12;20
15;21
15;18;22
15;23
15;9;24
16;13;0
16;17;1
16;24;2
16;17;3
16;5;4
16;5
16;13;6
16;7
16;13;0;8
16;17;9
16;13;10
16;11
16;13;20;12
16;13
16;7;14
16;17;9;15
16;17
16;13;22;18
16;5;19
16;13;20
16;13;6;21
16;13;22
16;13;23
16;24
17;0
17;1
17;9;2
17;3
17;0;8;4
17;16;5
17;6
17;7
17;0;8
17;9
17;9;24;10
17;16;11
17;9;12
17;16;13
17;7;14
17;9;15
17;16
17;9;15;18
17;6;19
17;9;12;20
17;6;21
17;7;22
17;1;23
17;9;24
18;22;13;0
18;15;23;1
18;15;2
18;15;9;3
18;22;4
18;19;5
18;19;6
18;22;7
18;22;4;8
18;15;9
18;19;10
18;22;4;11
18;19;12
18;22;13
18;22;7;14
18;15
18;22;13;16
18;22;7;17
18;19
18;22;13;20
18;15;21
18;22
18;15;23
18;19;24
19;13;0
19;6;1
19;24;2
19;6;17;3
19;5;4
19;5
19;6
19;6;17;7
19;13;0;8
19;12;9
19;10
19;13;16;11
19;12
19;13
19;12;14
19;18;15
19;13;16
19;6;17
19;18
19;13;20
19;6;21
19;13;22
19;12;23
19;24
20;13;0
20;13;6;1
20;13;0;2
20;13;0;3
20;13;22;4
20;13;16;5
20;13;6
20;13;22;7
20;13;0;8
20;12;9
20;13;10
20;13;16;11
20;12
20;13
20;12;14
20;12;23;15
20;13;16
20;13;6;17
20;13;22;18
20;12;19
20;13;6;21
20;13;22
20;12;23
20;13;0;24
21;15;2;0
21;6;1
21;15;2
21;15;9;3
21;15;18;22;4
21;10;19;5
21;6
21;6;17;7
21;15;2;8
21;15;9
21;10
21;10;13;16;11
21;15;23;12
21;10;13
21;15;23;12;14
21;15
21;10;13;16
21;6;17
21;15;18
21;10;19
21;10;13;20
21;15;18;22
21;15;23
21;10;24
22;13;0
22;13;6;1
22;13;0;2
22;13;0;3
22;4
22;4;5
22;13;6
22;7
22;4;8
22;7;17;9
22;13;10
22;4;11
22;13;20;12
22;13
22;7;14
22;18;15
22;13;16
22;7;17
22;18
22;13;19
22;13;20
22;13;6;21
22;13;23
22;13;0;24
23;13;0
23;1
23;15;2
23;12;9;3
23;13;22;4
23;12;19;5
23;13;6
23;12;14;7
23;15;2;8
23;12;9
23;13;10
23;13;16;11
23;12
23;13
23;12;14
23;15
23;13;16
23;1;17
23;15;18
23;12;19
23;12;20
23;15;21
23;13;22
23;1;24
24;0
24;1
24;2
24;9;3
24;19;5;4
24;19;5
24;19;6
24;16;7
24;0;8
24;9
24;10
24;16;11
24;19;12
24;19;13
24;19;12;14
24;2;15
24;16
24;9;17
24;19;18
24;19
24;19;13;20
24;10;21
24;19;13;22
24;1;23
